lastAccountName: kkren
timestamps:
  login: 1499749961499
  lastteleport: 1499752090059
  logout: 1499753771676
ipAddress: 49.66.17.180
lastlocation:
  world: world
  x: -80.36626123091999
  y: 71.0
  z: -272.95696572027003
  yaw: 97.79993
  pitch: 21.3
logoutlocation:
  world: world
  x: -77.84811030104098
  y: 91.0
  z: -256.78414466232385
  yaw: -164.69977
  pitch: 37.35002
homes:
  home:
    world: world
    x: -71.55292142240673
    y: 71.0
    z: -269.3568360802025
    yaw: -202.34926
    pitch: 25.95
