lastAccountName: kkren
timestamps:
  login: 1499989649798
  lastteleport: 1499752090059
  logout: 1499989800490
ipAddress: 122.192.12.87
lastlocation:
  world: world
  x: -80.36626123091999
  y: 71.0
  z: -272.95696572027003
  yaw: 97.79993
  pitch: 21.3
logoutlocation:
  world: world
  x: -62.66056593207924
  y: 63.0
  z: -271.4882767944684
  yaw: 1.0495605
  pitch: 31.349981
homes:
  home:
    world: world
    x: -71.55292142240673
    y: 71.0
    z: -269.3568360802025
    yaw: -202.34926
    pitch: 25.95
