lastAccountName: kkren
timestamps:
  login: 1499674522580
  lastteleport: 1499608241486
  logout: 1499675045241
ipAddress: 49.66.22.156
lastlocation:
  world: world
  x: -151.72935196290015
  y: 64.0
  z: 334.11669609112516
  yaw: -160.04982
  pitch: -8.99999
logoutlocation:
  world: world
  x: -61.60964190159296
  y: 83.0
  z: -285.44337078442857
  yaw: -252.44998
  pitch: 90.0
