lastlocation:
  world: world
  x: -236.8604811126989
  y: 71.0
  z: -220.3401007171168
  yaw: 351.09912
  pitch: 70.77438
lastAccountName: MosAutumn_SQ
timestamps:
  login: 1500358257411
  lastteleport: 1500186626399
  logout: 1500358832878
ipAddress: 49.66.17.101
logoutlocation:
  world: world
  x: -55.0
  y: 65.0
  z: -282.0
  yaw: 0.0
  pitch: 0.0
homes:
  a:
    world: world
    x: -77.56938160492614
    y: 90.875
    z: -264.5325031832764
    yaw: -94.199936
    pitch: 16.949982
