lastlocation:
  world: world
  x: -156.30000001192093
  y: 55.0
  z: 327.69999998807907
  yaw: 142.35046
  pitch: 84.60004
lastAccountName: MosAutumn_SQ
timestamps:
  login: 1499674334096
  lastteleport: 1499674477002
  logout: 1499651836572
ipAddress: 49.66.22.113
logoutlocation:
  world: world
  x: -76.42196054848941
  y: 88.0
  z: -266.30000001192093
  yaw: -96.29992
  pitch: 48.29996
