lastlocation:
  world: world_nether
  x: 158.3062074696245
  y: 79.0
  z: -81.30000001192094
  yaw: 223.79333
  pitch: -2.6999836
lastAccountName: MosAutumn_SQ
timestamps:
  login: 1499674334096
  lastteleport: 1499677253255
  logout: 1499651836572
ipAddress: 49.66.22.113
logoutlocation:
  world: world
  x: -76.42196054848941
  y: 88.0
  z: -266.30000001192093
  yaw: -96.29992
  pitch: 48.29996
