lastlocation:
  world: world_nether
  x: 230.8570415711331
  y: 72.24918707874468
  z: -80.13734317024705
  yaw: 156.90088
  pitch: 18.450123
lastAccountName: MosAutumn_SQ
timestamps:
  login: 1499755776548
  lastteleport: 1499751997883
  logout: 1499760637105
ipAddress: 49.66.22.113
logoutlocation:
  world: world
  x: -67.48202660263166
  y: 87.0
  z: -282.9248400399208
  yaw: 349.8001
  pitch: 81.30006
