lastlocation:
  world: world_nether
  x: 154.69832095369352
  y: 75.0
  z: -79.72884712074665
  yaw: 271.49
  pitch: 0.4499486
lastAccountName: MosAutumn_SQ
timestamps:
  login: 1500132724355
  lastteleport: 1499751997883
  logout: 1500132989484
ipAddress: 49.66.16.124
logoutlocation:
  world: world
  x: -64.82353237288834
  y: 64.0
  z: -301.30000001192093
  yaw: 88.35037
  pitch: 18.60001
