lastlocation:
  world: world
  x: -83.73357963505659
  y: 81.0
  z: -280.6802993552601
  yaw: 257.25043
  pitch: 85.50002
lastAccountName: MosAutumn_SQ
timestamps:
  login: 1500183183471
  lastteleport: 1500186626399
  logout: 1500186711373
ipAddress: 49.66.16.124
logoutlocation:
  world: world
  x: -76.50998783002726
  y: 88.0
  z: -270.72597211195404
  yaw: -42.59964
  pitch: 43.79996
homes:
  a:
    world: world
    x: -77.56938160492614
    y: 90.875
    z: -264.5325031832764
    yaw: -94.199936
    pitch: 16.949982
